2.057122 + 0.000000i	-0.1934732 - 0.5927912i	0.5868694 - 1.078409i	-0.2925538 - 0.1994154i	-1.408628 - 1.529155i	-0.2299437 + 0.4784938i
-0.1934732 + 0.5927912i	2.480858 + 0.000000i	0.2620471 + 0.6696610i	1.292659 - 2.025952i	0.3287090 - 0.5085083i	-1.488484 - 2.078430i
0.5868694 + 1.078409i	0.2620471 - 0.6696610i	1.092617 + 0.000000i	-0.1839110 - 0.4833787i	0.5951916 - 1.199281i	-0.5607451 + 0.1698989i
-0.2925538 + 0.1994154i	1.292659 + 2.025952i	-0.1839110 + 0.4833787i	2.810897 + 0.000000i	0.6365987 - 0.3186556i	1.162675 - 2.383946i
-1.408628 + 1.529155i	0.3287090 + 0.5085083i	0.5951916 + 1.199281i	0.6365987 + 0.3186556i	2.500417 + 0.000000i	0.3755324 - 0.4805742i
-0.2299437 - 0.4784938i	-1.488484 + 2.078430i	-0.5607451 - 0.1698989i	1.162675 + 2.383946i	0.3755324 + 0.4805742i	2.868856 + 0.000000i
